6 9 15 19 24 30 36 40 44 50 54 60 64 68 73 77
4 9 15 19 25 29 36 40 44 50 54 60 64 68 73 77
3 9 15 19 24 29 36 40 44 50 53 60 64 68 73 77
3 9 15 19 24 29 36 40 44 50 53 60 64 68 73 77
6 9 15 19 25 29 36 40 44 50 54 60 64 68 73 77
5 9 15 19 26 29 36 40 44 50 53 60 64 68 73 77
5 9 15 19 25 29 36 40 44 50 54 60 64 68 73 77
4 9 15 19 24 29 36 40 44 50 54 60 64 68 73 77
6 9 15 19 26 29 36 40 44 50 54 60 64 68 73 77
4 9 15 19 25 29 36 40 44 50 54 60 64 68 73 77
6 9 13 20 24 32 36 40 44 47 56 59 64 70 74 77
4 9 13 19 24 32 36 40 44 47 56 59 64 70 74 77
3 9 13 19 24 31 36 40 44 47 56 59 64 70 74 77
6 9 13 19 26 32 36 40 44 47 56 59 64 70 74 77
6 9 13 20 24 32 36 40 44 47 56 59 64 70 74 77
5 9 13 20 26 32 36 40 44 47 56 59 64 70 74 77
6 9 13 20 23 31 36 40 44 47 56 59 64 70 74 77
4 9 13 19 25 31 36 40 44 47 56 59 64 70 74 77
3 9 13 20 25 31 36 40 44 47 56 59 64 70 74 77
5 9 13 20 25 31 36 40 44 47 56 59 64 70 74 77
1 10 15 18 25 30 36 39 44 48 54 60 65 68 73 77
1 10 15 18 24 30 36 39 44 48 54 60 64 68 73 77
3 9 15 18 26 30 36 39 44 48 54 60 65 68 73 77
0 10 15 18 23 30 36 39 44 48 54 60 64 68 73 77
0 10 15 18 24 30 36 39 44 48 54 60 64 68 73 77
1 10 15 18 26 30 36 39 44 48 54 60 64 68 73 77
1 10 15 18 23 30 36 39 44 48 54 60 64 68 73 77
2 10 15 18 25 30 36 39 44 48 54 60 64 68 73 77
1 10 15 18 24 30 36 39 44 48 54 60 64 68 73 77
2 10 15 18 24 30 36 39 44 48 54 60 64 68 73 77
0 10 15 19 24 30 36 40 44 48 55 60 64 68 73 77
1 10 15 19 26 30 36 40 44 49 55 59 64 68 73 78
2 10 15 20 25 30 36 40 44 50 55 59 64 68 73 78
1 10 15 18 25 30 36 40 44 49 55 59 64 68 73 77
2 10 15 20 25 30 36 40 44 49 55 59 64 68 73 78
3 10 15 19 25 30 36 40 44 50 55 59 64 68 73 78
0 10 14 19 24 30 36 40 44 48 55 59 64 68 73 77
3 10 15 18 25 30 36 40 44 49 55 59 64 68 73 77
2 10 14 19 23 30 36 40 44 49 55 59 64 68 73 78
2 10 15 18 24 30 36 40 44 48 55 59 64 68 73 77
2 10 15 19 24 30 36 40 44 49 55 59 64 68 73 78
1 10 15 19 24 30 36 40 44 48 55 59 64 68 73 78
0 10 15 19 26 30 36 40 44 48 55 59 64 68 73 77
0 10 14 19 25 30 36 40 44 49 55 60 64 68 73 77
3 10 15 18 24 30 36 40 44 49 55 59 64 68 73 77
2 10 15 20 26 30 36 40 44 50 55 59 64 68 73 78
0 10 15 19 25 30 36 40 44 48 55 59 64 68 73 77
2 10 14 20 25 30 36 40 44 49 55 59 64 68 73 78
2 10 15 19 24 30 36 40 44 48 55 60 64 68 73 77
0 10 15 19 26 30 36 40 44 48 55 59 64 68 73 77
1 10 15 19 23 30 36 40 44 49 55 59 64 68 73 77
1 10 15 19 23 30 36 40 44 48 55 59 64 68 73 78
3 10 15 19 24 30 36 40 44 50 55 59 64 68 73 78
2 10 15 19 24 30 36 40 44 50 55 59 64 68 73 78
3 10 15 20 25 30 36 40 44 49 55 59 64 68 73 78
1 10 15 19 26 30 36 40 44 48 55 60 64 68 73 77
3 10 14 19 26 30 36 40 44 49 55 59 64 68 73 78
2 10 15 20 24 30 36 40 44 49 55 59 64 68 73 78
3 10 14 20 25 30 36 40 44 49 55 59 64 68 73 78
1 10 15 20 24 30 36 40 44 48 55 59 64 68 73 78
2 10 15 20 26 30 36 40 44 49 55 59 64 68 73 78
3 10 14 19 23 30 36 40 44 50 55 59 64 68 73 78
2 10 15 18 24 30 36 40 44 48 55 59 64 68 73 77
3 10 14 19 24 30 36 40 44 50 55 59 64 68 73 78
2 10 15 20 24 30 36 40 44 48 55 59 64 68 73 78
1 10 15 18 23 30 36 40 44 49 55 59 64 68 73 77
3 10 15 19 25 30 36 40 44 49 55 59 64 68 73 78
3 10 15 19 26 30 36 40 44 50 55 59 64 68 73 78
3 10 14 18 25 30 36 40 44 49 55 59 64 68 73 77
3 10 15 20 25 30 36 40 44 50 55 59 64 68 73 78
4 9 13 19 24 32 35 40 44 47 53 59 64 69 73 77
4 9 13 19 24 32 35 40 44 47 53 59 64 69 73 77
3 10 13 18 26 29 36 39 44 47 56 59 64 69 73 77
5 9 13 20 24 32 35 40 44 47 53 59 64 69 73 77
5 9 13 20 25 32 35 40 44 47 53 59 64 69 73 77
4 9 13 19 26 31 35 40 44 47 53 59 64 69 73 77
5 9 13 19 26 32 36 40 44 47 56 59 64 69 73 77
6 9 14 19 25 29 36 39 44 47 56 59 64 69 73 77
5 10 13 18 26 31 36 40 44 47 56 59 64 69 73 77
5 10 13 19 24 32 36 40 44 47 56 59 64 69 73 77
4 9 14 18 25 32 36 39 44 47 56 59 64 69 73 77
4 10 13 18 26 31 36 40 44 47 56 59 64 69 73 77
4 9 13 19 25 29 35 40 44 47 53 59 64 69 73 77
3 10 13 18 25 29 36 40 44 47 56 59 64 69 73 77
5 9 13 19 26 31 35 40 44 47 53 59 64 69 73 77
4 9 13 19 26 32 35 40 44 47 53 59 64 69 73 77
4 9 13 19 26 31 35 40 44 47 53 59 64 69 73 77
4 9 13 19 24 31 35 40 44 47 53 59 64 69 73 77
4 9 13 19 24 31 35 40 44 47 53 59 64 69 73 77
3 9 13 19 26 31 35 40 44 47 53 59 64 69 73 77
5 9 13 19 26 32 35 40 43 47 53 59 64 68 73 77
6 9 14 18 23 29 35 40 43 47 53 59 64 68 73 77
1 10 13 19 26 32 35 40 43 47 53 59 64 68 73 77
6 10 14 18 25 31 35 40 43 47 53 59 64 68 73 77
4 10 14 18 25 31 35 40 43 47 53 59 64 68 73 77
6 9 13 19 24 30 35 40 43 47 53 59 64 68 73 77
2 10 14 18 25 31 35 40 43 47 53 59 64 68 73 77
6 10 13 19 24 30 35 40 43 47 53 59 64 68 73 77
5 10 13 19 24 30 35 40 43 47 53 59 64 68 73 77
1 10 13 19 24 30 35 40 43 47 53 59 64 68 73 77
6 9 15 18 25 30 35 40 43 47 53 59 64 68 73 77
2 9 15 19 24 30 35 40 43 47 53 59 64 68 73 77
1 9 15 19 26 31 35 40 43 47 53 59 64 68 73 77
4 10 15 20 25 31 35 40 43 47 53 59 64 68 73 77
1 9 15 18 23 29 35 40 43 47 53 59 64 68 73 77
2 10 15 18 26 29 35 40 43 47 53 59 64 68 73 77
2 10 15 19 25 29 35 40 43 47 53 59 64 68 73 77
4 10 15 20 25 30 35 40 43 47 53 59 64 68 73 77
4 10 15 18 24 31 35 40 43 47 53 59 64 68 73 77
5 10 15 19 26 31 35 40 43 47 53 59 64 68 73 77
1 10 15 20 26 32 36 40 43 47 53 59 64 68 73 77
2 9 15 19 25 32 35 40 43 47 53 59 64 68 73 77
2 9 15 19 25 32 35 40 43 47 53 59 64 68 73 77
2 9 15 19 24 29 35 40 43 47 53 59 64 68 73 77
1 10 15 20 26 32 36 40 43 47 53 59 64 68 73 77
1 10 15 19 25 32 35 40 43 47 53 59 64 68 73 77
0 10 15 20 26 32 35 40 43 47 53 59 64 68 73 77
2 9 15 19 25 32 35 40 43 47 53 59 64 68 73 77
1 9 15 19 25 32 35 40 43 47 53 59 64 68 73 77
2 10 15 19 26 32 35 40 43 47 53 59 64 68 73 77
5 9 15 19 25 31 35 40 44 50 54 59 64 68 73 77
1 10 15 19 26 32 35 40 43 47 53 59 64 68 73 77
1 9 15 19 26 32 35 40 43 47 53 59 64 68 73 77
4 9 15 19 24 32 35 40 44 50 54 59 64 68 73 77
1 9 15 19 25 32 35 40 43 47 53 59 64 68 73 77
4 10 15 19 26 32 35 40 44 50 54 59 64 68 73 77
2 9 15 19 26 32 35 40 43 47 53 59 64 68 73 77
0 10 14 19 25 31 36 40 43 47 53 59 64 68 73 77
1 10 14 19 25 29 35 40 43 47 53 59 64 68 73 77
1 10 15 19 24 29 35 40 43 47 53 59 64 68 73 77
1 9 15 19 24 32 35 40 44 50 54 59 64 68 73 77
2 9 15 19 26 32 35 40 43 47 53 59 64 68 73 77
3 9 15 19 25 32 35 40 44 47 56 60 64 68 73 77
2 10 15 20 26 30 36 40 43 47 53 59 64 68 73 77
1 9 15 19 25 32 35 40 43 47 53 59 64 68 73 77
1 10 15 19 25 32 35 40 43 47 53 59 64 68 73 77
5 9 15 19 24 32 35 40 44 50 54 59 64 68 73 77
4 10 14 19 25 31 35 40 44 50 54 59 64 68 73 77
3 10 15 19 24 32 35 40 44 50 54 59 64 68 73 77
1 9 15 19 26 32 35 40 43 47 53 59 64 68 73 77
4 9 15 19 25 32 35 40 44 47 56 60 64 68 73 77
2 10 15 19 25 32 35 40 43 47 53 59 64 68 73 77
2 10 14 19 23 29 35 40 43 47 53 59 64 68 73 77
3 10 15 19 26 30 35 40 44 50 54 59 64 68 73 77
3 9 15 19 26 32 35 40 44 47 56 60 64 68 73 77
2 9 15 19 25 31 35 40 44 50 54 59 64 68 73 77
3 9 15 19 26 30 35 40 43 47 53 59 64 68 73 77
3 10 15 19 26 30 35 40 44 50 54 59 64 68 73 77
2 10 15 19 26 32 35 40 43 47 53 59 64 68 73 77
5 10 15 19 26 32 35 40 44 47 56 60 64 68 73 77
5 9 15 19 26 32 35 40 43 47 53 59 64 68 73 77
4 9 15 20 25 32 35 40 43 47 53 59 64 68 73 77
2 9 14 19 23 29 35 40 43 47 53 59 64 68 73 77
3 9 14 19 24 31 35 40 43 47 53 59 64 68 73 77
3 9 14 19 26 31 35 40 43 47 53 59 64 68 73 77
3 9 15 19 25 30 35 40 43 47 53 59 64 68 73 77
3 9 14 19 24 29 35 40 43 47 53 59 64 68 73 77
4 9 15 19 23 32 35 40 43 47 53 59 64 68 73 77
2 9 14 19 26 30 35 40 43 47 53 59 64 68 73 77
4 10 15 20 25 30 35 40 43 47 53 59 64 68 73 77
2 10 14 20 25 31 35 40 43 47 53 59 64 68 73 79
3 9 15 18 25 32 36 40 43 47 53 59 64 68 73 77
2 9 14 18 23 29 35 40 43 47 53 59 64 68 73 77
4 10 15 19 26 29 35 40 43 47 53 59 64 68 73 78
3 9 15 19 24 30 35 40 43 47 53 59 64 68 73 78
3 10 14 18 25 29 35 40 43 47 53 59 64 68 73 78
3 9 14 19 25 32 36 40 43 47 53 59 64 68 73 77
3 10 15 19 23 31 35 40 43 47 53 59 64 68 73 78
4 9 14 19 24 32 35 40 43 47 53 59 64 68 73 77
5 10 14 19 25 29 35 40 43 47 53 59 64 68 73 78
6 9 15 18 25 31 35 39 44 47 56 59 64 68 73 77
6 9 15 18 25 31 35 40 44 47 56 59 64 68 73 77
4 9 15 19 24 30 35 39 43 47 56 59 64 68 73 77
4 9 15 19 23 29 35 40 43 47 56 59 64 68 73 77
4 9 15 18 23 29 35 40 43 47 56 59 64 68 73 77
6 9 15 20 25 31 35 40 44 47 56 59 64 68 73 77
3 9 15 18 23 29 35 39 43 47 56 59 64 68 73 77
3 9 15 19 26 32 35 39 43 47 56 59 64 68 73 77
5 9 15 19 24 30 35 40 44 47 56 59 64 68 73 77
4 9 15 19 23 29 35 39 44 47 56 59 64 68 73 77
5 10 15 19 26 32 35 39 44 50 55 59 64 68 73 77
5 10 15 20 25 31 35 40 44 50 54 60 64 68 73 77
6 9 15 19 24 30 35 39 44 50 55 59 64 68 73 77
2 10 15 20 23 29 36 40 44 49 54 60 64 68 73 77
3 9 15 19 26 32 36 40 44 50 55 60 64 68 73 77
4 10 15 20 25 31 36 40 44 50 54 60 64 68 73 77
6 9 15 19 25 31 35 39 44 50 55 59 64 68 73 77
1 9 15 19 24 30 36 40 44 49 55 60 64 68 73 77
6 10 15 19 25 31 35 39 44 50 55 59 64 68 73 77
5 9 15 19 24 30 36 40 44 50 55 60 64 68 73 77
5 10 15 20 26 32 36 40 44 50 55 60 64 68 73 77
0 9 15 19 26 32 36 40 44 49 55 60 64 68 73 77
6 9 15 19 25 31 36 40 44 50 54 60 64 68 73 77
5 10 15 19 24 30 35 39 44 50 55 59 64 68 73 77
5 9 15 19 25 31 35 39 44 50 55 59 64 68 73 77
6 10 15 20 23 29 35 40 44 50 54 60 64 68 73 77
5 9 15 19 24 30 35 39 44 50 55 59 64 68 73 77
6 10 15 20 26 32 35 40 44 50 55 60 64 68 73 77
5 10 15 19 26 32 35 39 44 50 55 59 64 68 73 77
5 10 15 19 25 31 35 39 44 50 55 59 64 68 73 77
3 10 14 19 23 31 35 40 43 47 53 59 64 68 73 77
3 9 13 19 23 31 35 40 43 47 53 59 64 68 73 77
3 10 14 19 23 29 35 40 43 47 53 59 64 68 73 77
3 9 13 19 25 29 35 40 43 47 53 59 64 68 73 77
3 10 14 20 26 31 35 40 43 47 53 59 64 68 73 77
2 9 13 19 23 32 35 40 43 47 53 59 64 68 73 77
1 9 13 20 26 31 35 40 43 47 53 59 64 68 73 77
2 10 14 19 25 31 35 40 43 47 53 59 64 68 73 77
2 9 13 20 26 29 36 40 43 47 53 59 64 68 73 77
2 10 14 20 26 32 35 40 43 47 53 59 64 68 73 77
4 10 15 19 24 30 35 40 43 47 53 59 64 68 73 77
4 9 14 19 26 32 35 40 43 47 53 59 64 68 73 77
3 9 15 19 23 29 35 40 43 47 53 59 64 68 73 77
6 9 15 20 26 32 35 40 43 47 53 59 64 68 73 77
6 9 14 19 25 31 35 40 43 47 53 59 64 68 73 77
5 9 15 20 26 32 35 40 43 47 53 59 64 68 73 77
6 9 14 19 26 32 35 40 43 47 53 59 64 68 73 77
5 10 15 20 26 30 35 40 43 47 53 59 64 68 73 77
6 9 15 20 26 32 35 40 43 47 53 59 64 68 73 77
6 9 15 20 26 31 35 40 43 47 53 59 64 68 73 77
5 9 15 20 25 32 35 40 43 47 53 59 64 68 73 77
4 10 15 19 26 29 35 40 43 47 53 59 64 68 73 77
6 9 15 19 24 30 35 40 43 47 53 59 64 68 73 77
5 9 15 20 25 31 35 40 43 47 53 59 64 68 73 77
5 10 15 19 23 29 35 40 43 47 53 59 64 68 73 77
4 9 15 19 25 31 35 40 43 47 53 59 64 68 73 77
4 9 15 19 24 30 35 40 43 47 53 59 64 68 73 77
5 9 15 19 25 30 35 40 43 47 53 59 64 68 73 77
6 9 15 20 26 31 35 40 43 47 53 59 64 68 73 77
6 10 15 20 24 30 35 40 43 47 53 59 64 68 73 77
5 10 15 20 26 30 35 40 43 47 53 59 64 68 73 77
5 10 15 20 26 32 35 40 43 47 53 59 64 68 73 77
4 10 15 19 25 30 35 40 43 47 53 59 64 68 73 77
6 10 14 20 25 31 35 40 43 47 53 59 64 68 73 77
4 10 15 19 24 31 35 40 43 47 53 59 64 68 73 77
6 10 15 20 25 30 35 40 43 47 53 59 64 68 73 77
4 10 15 19 23 32 35 40 43 47 53 59 64 68 73 77
4 9 15 20 26 32 35 40 43 47 53 59 64 68 73 77
5 9 15 20 25 32 35 40 43 47 53 59 64 68 73 77
3 9 15 19 23 29 35 40 43 47 53 59 64 68 73 77
5 9 15 19 24 31 35 40 43 47 53 59 64 68 73 77
5 9 15 20 24 30 35 40 43 47 53 59 64 68 73 77
4 9 15 20 24 30 35 40 43 47 53 59 64 68 73 77
5 10 15 19 26 32 35 40 43 47 53 59 64 68 73 77
6 9 15 19 25 30 35 40 43 47 53 59 64 68 73 77
5 9 15 19 23 32 35 40 43 47 53 59 64 68 73 77
6 9 15 19 23 32 35 40 43 47 53 59 64 68 73 77
5 10 15 20 25 30 35 40 43 47 53 59 64 68 73 77
5 9 15 19 26 29 35 40 43 47 53 59 64 68 73 77
6 9 15 19 24 31 35 40 43 47 53 59 64 68 73 77
6 9 14 20 26 32 35 40 44 50 55 60 64 68 73 77
4 9 14 20 24 30 35 40 43 47 53 59 64 68 73 77
5 9 14 19 25 30 35 40 44 50 54 60 64 68 73 77
5 10 15 19 26 31 35 40 43 47 53 59 64 68 73 77
6 10 15 20 26 32 35 40 44 50 55 60 64 68 73 77
4 9 14 19 26 32 35 40 43 47 53 59 64 68 73 77
3 9 15 19 25 32 35 40 44 50 55 60 64 68 73 77
5 9 15 20 25 31 35 40 44 50 55 60 64 68 73 77
5 9 15 19 24 30 35 40 43 47 53 59 64 68 73 77
5 9 15 20 25 32 35 40 44 50 55 60 64 68 73 77
5 9 15 19 23 30 35 40 44 50 55 60 64 68 73 77
4 9 15 19 25 32 35 40 43 47 53 59 64 68 73 77
4 9 15 20 24 30 35 40 44 50 55 60 64 68 73 77
4 9 15 19 25 30 35 40 44 50 54 60 64 68 73 77
3 10 15 19 26 31 35 40 44 50 55 60 64 68 73 77
5 9 15 19 26 29 35 40 44 50 54 60 64 68 73 77
5 9 15 20 24 30 35 40 44 50 55 60 64 68 73 77
4 9 15 20 24 31 35 40 44 50 55 60 64 68 73 77
5 9 15 20 25 30 35 40 44 50 55 60 64 68 73 77
5 9 15 19 26 29 35 40 44 50 54 60 64 68 73 77
3 9 15 19 24 31 35 40 43 47 53 59 64 68 73 77
6 9 14 20 26 32 35 40 44 50 55 59 64 68 73 77
5 9 14 19 24 32 35 40 44 50 53 59 64 68 73 77
5 9 15 19 26 31 35 40 44 50 54 60 64 68 73 77
5 10 15 19 26 32 35 40 43 47 53 59 64 68 73 77
3 10 15 19 26 29 35 40 43 47 53 59 64 68 73 77
6 10 15 20 26 30 35 40 44 50 55 60 64 68 73 77
4 9 15 19 24 31 35 40 43 47 53 59 64 68 73 77
4 9 15 20 24 29 35 40 44 50 55 60 64 68 73 77
6 10 15 20 26 29 35 40 44 50 55 60 64 68 73 77
5 10 15 20 26 32 35 40 44 50 55 60 64 68 73 77
4 9 15 19 23 30 35 40 43 47 53 59 64 68 73 77
4 9 15 19 25 32 35 40 44 50 54 60 64 68 73 77
4 10 14 20 24 30 36 40 43 47 53 59 64 68 73 77
4 9 15 19 25 29 35 40 43 47 53 59 64 68 73 77
5 10 15 19 24 31 35 40 43 47 53 59 64 68 73 77
4 9 15 20 24 32 35 40 44 50 55 60 64 68 73 77
5 9 15 19 24 31 35 40 44 50 55 60 64 68 73 77
5 9 15 20 25 29 35 40 44 50 55 60 64 68 73 77
5 10 15 19 25 32 35 40 44 50 55 60 64 68 73 77
6 9 15 19 24 29 36 40 44 50 54 60 64 68 73 77
3 9 15 19 25 29 36 40 44 50 53 60 64 68 73 77
4 9 15 19 26 29 36 40 44 50 54 60 64 68 73 77
5 9 15 19 24 29 36 40 44 50 53 60 64 68 73 77
3 9 15 19 26 29 36 40 44 50 53 60 64 68 73 77
5 9 15 19 25 29 36 40 44 50 53 60 64 68 73 77
5 9 15 19 26 30 36 40 44 50 53 60 64 68 73 77
3 9 15 19 25 30 36 40 44 50 53 60 64 68 73 77
4 9 15 19 26 29 36 40 44 50 53 60 64 68 73 77
6 9 15 19 26 29 36 40 44 50 54 60 64 68 73 77
4 9 13 19 25 32 36 40 44 47 56 59 64 70 74 77
5 9 13 20 26 31 36 40 44 47 56 59 64 70 74 77
4 9 13 20 26 32 36 40 44 47 56 59 64 70 74 77
5 9 13 20 23 31 36 40 44 47 56 59 64 70 74 77
5 9 13 20 25 31 36 40 44 47 56 59 64 70 74 77
3 9 13 20 23 31 36 40 44 47 56 59 64 70 74 77
4 9 13 20 24 32 36 40 44 47 56 59 64 70 74 77
5 9 13 20 25 31 36 40 44 47 56 59 64 70 74 77
6 9 13 20 26 32 36 40 44 47 56 59 64 70 74 77
6 9 13 20 26 32 36 40 44 47 56 59 64 70 74 77
0 10 15 18 23 30 36 39 44 48 54 60 64 68 73 78
0 10 15 18 26 30 36 39 44 48 54 60 64 68 73 77
0 10 15 18 25 30 36 39 44 48 54 60 64 68 73 77
2 10 15 18 23 30 36 39 44 48 54 60 64 68 73 77
1 10 15 18 25 30 36 39 44 48 54 60 64 68 73 77
2 10 15 18 26 30 36 39 44 48 54 60 64 68 73 77
2 10 15 18 25 30 36 39 44 48 54 60 65 68 73 77
4 9 15 18 23 30 36 40 44 48 54 60 65 68 73 77
0 10 15 18 24 30 36 39 44 48 54 60 65 68 73 77
2 10 15 18 26 30 36 39 44 48 54 60 65 68 73 77
2 10 14 18 26 30 36 40 44 48 55 59 64 68 73 77
1 10 15 18 26 30 36 40 44 49 55 59 64 68 73 77
2 10 15 19 26 30 36 40 44 49 55 60 64 68 73 77
1 10 15 19 25 32 36 40 44 49 55 60 64 68 73 77
3 10 14 19 25 30 36 40 44 50 55 59 64 68 73 78
3 10 14 19 26 30 36 40 44 49 55 59 64 68 73 78
0 10 15 20 26 30 36 40 44 50 55 59 64 68 73 78
1 10 15 19 25 30 36 40 44 48 55 59 64 68 73 78
1 10 15 19 23 30 36 40 44 47 55 61 64 68 73 78
4 10 14 20 26 30 36 40 44 50 55 59 64 68 73 78
1 10 15 20 25 30 36 40 44 48 55 61 64 68 73 78
2 10 15 19 26 30 36 40 44 48 55 59 64 68 73 78
3 10 15 20 25 30 36 40 44 50 55 59 64 68 73 78
4 10 14 19 26 30 36 40 44 50 55 59 64 68 73 78
1 10 15 19 25 30 36 40 44 48 55 61 64 68 73 78
1 10 15 19 26 30 36 40 44 50 55 61 64 68 73 78
1 10 15 20 24 30 36 40 44 50 55 61 64 68 73 78
2 10 14 20 25 30 36 40 44 48 55 61 64 68 73 78
3 10 14 19 26 30 36 40 44 49 55 59 64 68 73 78
3 10 14 19 24 30 36 40 44 50 55 59 64 68 73 78
1 10 15 20 24 30 36 40 44 47 55 61 64 68 73 78
2 10 15 20 25 30 36 40 44 49 55 59 64 68 73 78
3 10 14 19 26 30 36 40 44 50 55 59 64 68 73 78
4 10 14 19 25 30 36 40 44 50 55 59 64 68 73 78
1 10 15 20 26 30 36 40 44 47 55 61 64 68 73 78
2 10 15 20 25 30 36 40 44 49 55 59 64 68 73 78
3 10 14 19 26 30 36 40 44 50 55 59 64 68 73 78
4 10 14 19 25 30 36 40 44 50 55 59 64 68 73 78
1 10 15 20 26 30 36 40 44 47 55 61 64 68 73 78
2 10 15 20 25 30 36 40 44 49 55 59 64 68 73 78
3 10 14 19 26 30 36 40 44 50 55 59 64 68 73 78
1 10 15 20 25 30 36 40 44 47 55 61 64 68 73 78
2 10 15 19 26 30 36 40 44 49 55 59 64 68 73 78
3 10 15 19 24 30 36 40 44 50 55 59 64 68 73 78
1 10 15 20 25 30 36 40 44 47 55 61 64 68 73 78
2 10 15 20 26 30 36 40 44 49 55 59 64 68 73 78
3 10 14 19 25 30 36 40 44 50 55 59 64 68 73 78
4 10 14 19 26 30 36 40 44 50 55 59 64 68 73 78
1 10 15 19 25 30 36 40 44 49 55 61 64 68 73 78
2 10 15 19 26 30 36 40 44 50 55 59 64 68 73 78
3 10 14 19 24 30 36 40 44 50 55 59 64 68 73 78
4 10 14 19 24 30 36 40 44 50 55 59 64 68 73 78
1 10 15 20 25 30 36 40 44 49 55 61 64 68 73 78
2 10 15 20 26 30 36 40 44 50 55 59 64 68 73 78
3 10 14 19 25 30 36 40 44 50 55 59 64 68 73 78
2 10 14 19 26 30 36 40 44 50 55 59 64 68 73 78
3 10 14 19 25 30 36 40 44 50 55 59 64 68 73 78
3 10 14 19 26 30 36 40 44 50 55 59 64 68 73 78
3 9 13 18 24 29 36 40 44 47 56 59 64 69 73 77
4 9 14 18 25 31 36 39 44 47 56 59 64 69 73 77
3 9 13 18 26 31 36 40 44 47 56 59 64 69 73 77
5 9 13 19 26 29 36 40 44 47 56 59 64 69 73 77
6 9 13 19 25 30 36 40 44 47 56 59 64 69 73 77
4 9 14 18 26 31 36 39 44 47 56 59 64 69 73 77
5 9 13 20 25 32 35 40 44 47 53 59 64 69 73 77
5 9 13 19 24 29 35 40 44 47 53 59 64 69 73 77
4 9 13 19 26 31 35 40 44 47 53 59 64 69 73 77
5 9 13 19 25 32 35 40 44 47 53 59 64 69 73 77
5 9 13 19 25 31 35 40 44 47 53 59 64 69 73 77
3 10 14 18 25 29 36 39 44 47 56 59 64 69 73 77
5 10 14 19 25 32 36 39 44 47 56 59 64 69 73 77
4 10 13 18 25 31 36 40 44 47 56 59 64 69 73 77
5 10 14 18 26 32 36 39 44 47 56 59 64 69 73 77
4 10 14 18 26 30 36 39 44 47 56 59 64 69 73 77
6 10 14 19 26 32 36 39 44 47 56 59 64 69 73 77
3 9 13 19 25 31 35 40 44 47 53 59 64 69 73 77
5 9 13 20 26 29 35 40 44 47 53 59 64 69 73 77
3 9 13 19 25 31 35 40 44 47 53 59 64 69 73 77
4 9 13 19 24 32 35 40 44 47 53 59 64 69 73 77
5 9 13 20 25 29 35 40 44 47 53 59 64 69 73 77
4 9 13 19 24 29 35 40 44 47 53 59 64 69 73 77
5 9 13 20 26 31 35 40 44 47 53 59 64 69 73 77
1 9 13 18 23 29 35 40 43 47 53 59 64 68 73 77
2 9 14 19 24 30 35 40 43 47 53 59 64 68 73 77
3 9 15 18 25 31 35 40 43 47 53 59 64 68 73 77
4 9 13 19 26 32 35 40 43 47 53 59 64 68 73 77
5 9 14 18 23 29 35 40 43 47 53 59 64 68 73 77
4 9 14 18 25 31 35 40 43 47 53 59 64 68 73 77
3 10 13 19 26 32 35 40 43 47 53 59 64 68 73 77
4 10 14 18 23 29 35 40 43 47 53 59 64 68 73 77
2 10 14 18 23 29 35 40 43 47 53 59 64 68 73 77
5 10 13 19 26 32 35 40 43 47 53 59 64 68 73 77
3 9 15 18 25 31 35 40 43 47 53 59 64 68 73 77
4 9 15 19 26 32 35 40 43 47 53 59 64 68 73 77
5 9 15 19 24 29 35 40 43 47 53 59 64 68 73 77
2 9 15 18 23 32 35 40 43 47 53 59 64 68 73 77
3 9 15 19 24 29 35 40 43 47 53 59 64 68 73 77
6 10 15 18 24 32 35 40 43 47 53 59 64 68 73 77
3 10 15 20 26 30 35 40 43 47 53 59 64 68 73 77
5 10 15 19 25 32 35 40 43 47 53 59 64 68 73 77
3 10 15 19 24 30 35 40 43 47 53 59 64 68 73 77
5 10 15 18 26 32 35 40 43 47 53 59 64 68 73 77
1 10 15 19 26 31 35 40 44 50 54 59 64 68 73 77
2 9 15 19 24 30 35 40 43 47 53 59 64 68 73 77
3 9 15 19 25 32 35 40 43 47 53 59 64 68 73 77
2 10 15 19 26 32 35 40 43 47 53 59 64 68 73 77
2 9 15 19 25 31 35 40 44 50 54 59 64 68 73 77
5 9 15 19 25 32 35 40 44 47 56 60 64 68 73 77
2 9 15 19 26 32 35 40 43 47 53 59 64 68 73 77
1 9 15 19 25 32 35 40 43 47 53 59 64 68 73 77
2 10 14 19 25 31 36 40 43 47 53 59 64 68 73 77
3 10 15 20 24 30 35 40 44 50 54 59 64 68 73 77
0 9 14 19 23 29 35 40 43 47 53 59 64 68 73 77
1 9 15 20 24 30 36 40 43 47 53 59 64 68 73 77
2 9 14 19 25 31 35 40 43 47 53 59 64 68 73 77
3 9 15 20 26 32 36 40 44 50 54 59 64 68 73 77
4 9 14 19 24 29 35 40 44 50 54 59 64 68 73 77
0 9 15 20 25 30 36 40 43 47 53 59 64 68 73 77
1 9 14 19 26 31 35 40 43 47 53 59 64 68 73 77
2 9 15 20 24 32 35 40 43 47 53 59 64 68 73 77
0 9 14 19 25 29 36 40 43 47 53 59 64 68 73 77
1 10 15 20 26 30 35 40 43 47 53 59 64 68 73 77
1 9 15 19 24 30 35 40 43 47 53 59 64 68 73 77
2 9 15 19 25 31 35 40 43 47 53 59 64 68 73 77
3 10 15 19 26 32 35 40 44 50 54 59 64 68 73 77
4 9 15 19 25 30 35 40 44 50 54 59 64 68 73 77
5 9 15 19 26 31 35 40 44 50 54 59 64 68 73 77
1 10 15 19 25 32 35 40 43 47 53 59 64 68 73 77
2 9 15 19 26 32 35 40 43 47 53 59 64 68 73 77
3 9 15 19 25 32 35 40 44 50 54 59 64 68 73 77
1 10 15 19 26 32 35 40 43 47 53 59 64 68 73 77
2 9 15 19 24 30 35 40 43 47 53 59 64 68 73 77
3 9 15 19 25 31 35 40 44 50 54 59 64 68 73 77
1 10 15 19 26 32 35 40 43 47 53 59 64 68 73 77
2 9 15 19 25 32 35 40 43 47 53 59 64 68 73 77
3 9 15 19 26 32 35 40 44 50 54 59 64 68 73 77
1 10 15 19 25 30 35 40 43 47 53 59 64 68 73 77
2 9 15 19 26 31 35 40 43 47 53 59 64 68 73 77
3 9 15 19 25 32 35 40 44 50 54 59 64 68 73 77
4 10 15 19 26 30 35 40 44 50 54 59 64 68 73 77
5 9 15 19 24 31 35 40 44 50 54 59 64 68 73 77
1 9 15 19 25 32 35 40 43 47 53 59 64 68 73 77
2 10 15 19 26 32 35 40 43 47 53 59 64 68 73 77
3 9 15 19 25 30 35 40 44 50 54 59 64 68 73 77
4 9 15 19 26 32 35 40 44 50 54 59 64 68 73 77
5 10 15 19 26 32 35 40 44 50 54 59 64 68 73 77
1 9 15 19 24 30 35 40 43 47 53 59 64 68 73 77
2 9 15 19 25 31 35 40 43 47 53 59 64 68 73 77
3 10 15 19 26 32 35 40 44 50 54 59 64 68 73 77
1 9 15 19 24 30 35 40 44 50 54 59 64 68 73 77
2 9 15 19 25 31 35 40 44 50 54 59 64 68 73 77
3 10 15 19 26 32 35 40 44 50 54 59 64 68 73 77
1 9 15 19 24 32 35 40 44 50 54 59 64 68 73 77
2 9 15 19 25 31 35 40 44 50 54 59 64 68 73 77
3 9 15 19 24 30 35 40 43 47 53 59 64 68 73 77
4 10 14 19 25 31 35 40 43 47 53 59 64 68 73 77
2 10 14 19 24 29 35 40 43 47 53 59 64 68 73 77
4 9 14 20 26 31 35 40 43 47 53 59 64 68 73 77
5 10 15 19 24 32 36 40 43 47 53 59 64 68 73 77
3 9 14 19 25 29 36 40 43 47 53 59 64 68 73 77
4 9 15 19 26 30 35 40 43 47 53 59 64 68 73 77
3 9 15 19 24 31 36 40 43 47 53 59 64 68 73 77
4 10 14 19 25 32 35 40 43 47 53 59 64 68 73 77
5 9 15 19 26 29 36 40 43 47 53 59 64 68 73 77
3 9 14 18 26 32 35 40 43 47 53 59 64 68 73 77
1 10 14 19 24 29 35 40 43 47 53 59 64 68 73 78
2 9 14 20 25 30 35 40 43 47 53 59 64 68 73 77
3 10 14 19 26 31 35 40 43 47 53 59 64 68 73 78
2 9 15 19 26 30 35 40 43 47 53 59 64 68 73 77
2 9 15 19 24 32 35 40 43 47 53 59 64 68 73 77
1 9 14 19 26 30 35 40 43 47 53 59 64 68 73 77
2 10 15 20 24 31 35 40 43 47 53 59 64 68 73 78
5 9 14 20 23 30 36 40 43 47 53 59 64 68 73 77
2 10 15 18 24 31 35 40 43 47 53 59 64 68 73 78
5 9 15 20 25 31 35 40 43 47 56 59 64 68 73 77
6 9 15 18 26 32 35 40 44 47 56 59 64 68 73 77
5 9 15 20 24 30 35 40 43 47 56 59 64 68 73 77
4 9 15 20 23 29 35 40 43 47 56 59 64 68 73 77
5 9 15 18 24 30 35 40 44 47 56 59 64 68 73 77
6 9 15 19 25 31 35 39 44 47 56 59 64 68 73 77
3 9 15 20 26 32 35 39 43 47 56 59 64 68 73 77
3 9 15 18 26 32 35 39 43 47 56 59 64 68 73 77
5 9 15 20 24 30 35 39 43 47 56 59 64 68 73 77
6 9 15 19 26 32 35 40 44 47 56 59 64 68 73 77
0 9 15 19 23 29 35 40 44 49 54 60 64 68 73 77
2 9 15 19 25 31 36 40 44 50 54 60 64 68 73 77
4 9 15 19 23 29 35 40 44 50 54 60 64 68 73 77
1 9 15 19 23 29 36 40 44 49 54 60 64 68 73 77
4 10 15 20 24 30 35 40 44 50 55 60 64 68 73 77
6 9 15 19 26 32 35 39 44 50 55 59 64 68 73 77
6 10 15 19 24 30 35 39 44 50 55 59 64 68 73 77
6 10 15 19 26 32 35 39 44 50 55 59 64 68 73 77
5 10 15 19 25 31 35 39 44 50 55 59 64 68 73 77
5 9 15 19 26 32 35 39 44 50 55 59 64 68 73 77
4 9 15 19 25 31 35 39 44 50 55 59 64 68 73 77
3 10 15 20 24 30 36 40 44 50 55 60 64 68 73 77
4 10 15 20 24 30 36 40 44 50 55 60 64 68 73 77
5 10 15 20 25 31 35 40 44 50 54 60 64 68 73 77
6 10 15 20 26 32 35 40 44 50 55 60 64 68 73 77
4 9 15 19 24 30 35 39 44 50 55 59 64 68 73 77
5 10 15 19 25 31 35 39 44 50 55 59 64 68 73 77
6 9 15 19 26 32 35 39 44 50 55 59 64 68 73 77
4 10 15 19 24 30 35 39 44 50 55 59 64 68 73 77
5 9 15 19 25 31 35 39 44 50 55 59 64 68 73 77
6 10 15 19 26 32 35 39 44 50 55 59 64 68 73 77
5 9 15 19 26 32 35 39 44 50 55 59 64 68 73 77
5 10 15 19 24 30 35 39 44 50 55 59 64 68 73 77
5 9 15 19 24 30 35 39 44 50 55 59 64 68 73 77
1 9 13 19 23 29 35 40 43 47 53 59 64 68 73 77
3 9 13 19 25 32 36 40 43 47 53 59 64 68 73 77
1 10 14 19 25 32 35 40 43 47 53 59 64 68 73 77
2 10 14 19 25 29 35 40 43 47 53 59 64 68 73 77
2 9 13 20 24 31 35 40 43 47 53 59 64 68 73 77
2 9 13 20 24 32 35 40 43 47 53 59 64 68 73 77
3 10 14 20 24 29 36 40 43 47 53 59 64 68 73 77
4 10 14 20 24 31 36 40 43 47 53 59 64 68 73 77
2 10 14 20 26 29 35 40 43 47 53 59 64 68 73 77
4 10 14 20 24 32 35 40 43 47 53 59 64 68 73 77
6 9 15 20 25 31 35 40 43 47 53 59 64 68 73 77
5 9 15 20 25 31 35 40 43 47 53 59 64 68 73 77
6 10 15 20 25 32 35 40 43 47 53 59 64 68 73 77
5 10 15 19 25 31 35 40 43 47 53 59 64 68 73 77
6 9 15 19 26 32 35 40 43 47 53 59 64 68 73 77
5 9 15 19 25 31 35 40 43 47 53 59 64 68 73 77
6 9 15 19 26 32 35 40 43 47 53 59 64 68 73 77
5 9 15 19 26 29 35 40 43 47 53 59 64 68 73 77
5 10 15 19 23 29 35 40 43 47 53 59 64 68 73 77
5 10 15 19 24 30 35 40 43 47 53 59 64 68 73 77
4 9 15 19 23 29 35 40 43 47 53 59 64 68 73 77
6 10 14 20 24 30 35 40 43 47 53 59 64 68 73 77
4 10 15 19 25 31 35 40 43 47 53 59 64 68 73 77
6 9 14 19 23 29 35 40 43 47 53 59 64 68 73 77
5 9 15 19 25 31 35 40 43 47 53 59 64 68 73 77
6 9 14 20 26 32 35 40 43 47 53 59 64 68 73 77
4 10 15 20 23 29 35 40 43 47 53 59 64 68 73 77
5 10 14 20 23 29 35 40 43 47 53 59 64 68 73 77
6 9 15 19 24 30 35 40 43 47 53 59 64 68 73 77
5 10 14 20 25 31 35 40 43 47 53 59 64 68 73 77
4 9 15 19 24 29 35 40 43 47 53 59 64 68 73 77
5 9 15 20 25 30 35 40 43 47 53 59 64 68 73 77
6 10 15 20 26 31 35 40 43 47 53 59 64 68 73 77
5 9 15 20 24 32 35 40 43 47 53 59 64 68 73 77
5 9 15 20 25 29 35 40 43 47 53 59 64 68 73 77
5 10 15 20 26 30 35 40 43 47 53 59 64 68 73 77
5 9 15 20 25 32 35 40 43 47 53 59 64 68 73 77
5 10 15 20 26 29 35 40 43 47 53 59 64 68 73 77
5 9 15 20 24 30 35 40 43 47 53 59 64 68 73 77
4 9 15 19 25 31 35 40 43 47 53 59 64 68 73 77
5 10 15 20 26 32 35 40 43 47 53 59 64 68 73 77
6 9 15 20 24 29 35 40 43 47 53 59 64 68 73 77
3 9 15 19 25 30 35 40 43 47 53 59 64 68 73 77
4 10 15 19 26 31 35 40 43 47 53 59 64 68 73 77
5 9 15 20 24 32 35 40 43 47 53 59 64 68 73 77
6 9 15 20 25 29 35 40 43 47 53 59 64 68 73 77
4 10 15 19 26 30 35 40 43 47 53 59 64 68 73 77
4 9 15 19 24 31 35 40 43 47 53 59 64 68 73 77
5 9 15 20 25 32 35 40 43 47 53 59 64 68 73 77
5 10 15 20 26 29 35 40 43 47 53 59 64 68 73 77
5 9 15 20 24 30 35 40 43 47 53 59 64 68 73 77
6 9 15 20 25 31 35 40 43 47 53 59 64 68 73 77
6 10 15 20 26 32 35 40 43 47 53 59 64 68 73 77
5 9 15 20 24 29 35 40 43 47 53 59 64 68 73 77
6 9 15 20 25 30 35 40 43 47 53 59 64 68 73 77
5 10 15 20 26 31 35 40 43 47 53 59 64 68 73 77
6 9 15 20 26 32 35 40 43 47 53 59 64 68 73 77
5 9 15 20 26 30 35 40 43 47 53 59 64 68 73 77
6 10 15 20 26 31 35 40 43 47 53 59 64 68 73 77
5 9 15 20 25 30 35 40 43 47 53 59 64 68 73 77
6 9 15 20 25 31 35 40 43 47 53 59 64 68 73 77
4 10 15 19 26 29 35 40 44 50 55 60 64 68 73 77
4 9 15 19 25 31 35 40 44 50 55 60 64 68 73 77
3 9 15 19 24 29 35 40 43 47 53 59 64 68 73 77
4 9 15 19 24 32 35 40 43 47 53 59 64 68 73 77
4 10 15 19 26 30 35 40 43 47 53 59 64 68 73 77
4 10 15 19 25 30 35 40 44 50 55 60 64 68 73 77
4 10 15 19 26 29 35 40 43 47 53 59 64 68 73 77
4 9 14 19 26 30 35 40 43 47 53 59 64 68 73 77
6 9 14 19 25 32 35 40 43 47 53 59 64 68 73 77
5 9 14 19 23 30 35 40 44 50 53 60 64 68 73 77
3 9 15 19 23 29 35 40 43 47 53 59 64 68 73 77
5 9 15 19 25 31 35 40 44 50 54 59 64 68 73 77
3 10 15 19 23 29 36 40 43 49 54 60 64 68 73 77
5 9 15 19 25 31 35 40 44 50 54 60 64 68 73 77
4 9 15 20 24 29 35 40 43 47 53 59 64 68 73 77
4 9 15 20 26 31 35 40 43 47 53 59 64 68 73 77
3 10 15 20 25 29 36 40 43 47 53 59 64 68 73 77
4 10 15 20 26 29 36 40 43 50 54 60 64 68 73 77
3 9 15 20 25 31 35 40 43 47 53 59 64 68 73 77
3 9 15 19 24 29 35 40 44 50 55 60 64 68 73 77
4 9 15 20 25 30 35 40 44 50 55 60 64 68 73 77
5 10 15 19 26 31 35 40 44 50 55 60 64 68 73 77
6 9 15 20 24 32 35 40 44 50 55 60 64 68 73 77
4 9 15 19 25 29 35 40 44 50 55 60 64 68 73 77
5 10 15 20 26 30 35 40 44 50 55 60 64 68 73 77
6 9 15 19 24 31 35 40 44 50 55 60 64 68 73 77
4 9 15 20 25 32 35 40 44 50 55 60 64 68 73 77
5 10 15 19 26 29 35 40 44 50 55 60 64 68 73 77
6 9 15 20 24 30 35 40 44 50 55 60 64 68 73 77
4 9 15 19 25 31 35 40 44 50 55 60 64 68 73 77
5 10 15 20 26 32 35 40 44 50 55 60 64 68 73 77
6 9 15 19 24 29 35 40 44 50 55 60 64 68 73 77
3 9 15 20 25 30 35 40 44 50 55 60 64 68 73 77
4 10 15 19 26 31 35 40 44 50 55 60 64 68 73 77
5 9 15 20 24 32 35 40 44 50 55 60 64 68 73 77
6 9 15 20 25 29 35 40 44 50 55 60 64 68 73 77
3 10 15 19 26 30 35 40 44 50 55 60 64 68 73 77
4 9 15 19 24 31 35 40 44 50 55 60 64 68 73 77
5 9 15 19 25 32 35 40 44 50 55 60 64 68 73 77
6 10 15 20 26 29 35 40 44 50 55 60 64 68 73 77
3 9 15 19 24 30 35 40 44 50 55 60 64 68 73 77
4 9 15 19 25 31 35 40 44 50 55 60 64 68 73 77
5 10 15 20 26 32 35 40 44 50 55 60 64 68 73 77
4 9 15 19 24 29 35 40 44 50 55 60 64 68 73 77
5 9 15 20 25 30 35 40 44 50 55 60 64 68 73 77
6 10 15 19 26 31 35 40 44 50 55 60 64 68 73 77
4 9 15 20 24 32 35 40 44 50 55 60 64 68 73 77
5 9 15 19 25 29 35 40 44 50 55 60 64 68 73 77
6 10 15 20 26 30 35 40 44 50 55 60 64 68 73 77
4 9 15 19 24 31 35 40 44 50 55 60 64 68 73 77
5 9 15 20 25 32 35 40 44 50 55 60 64 68 73 77 32
