0 6 10 16 21 26 30 35 40 46 52 56 61 66 70 76
0 6 10 16 21 26 30 35 40 45 50 56 61 66 70 77
2 6 11 17 21 26 30 35 40 45 51 55 61 66 70 75
0 6 11 15 22 26 30 35 40 45 51 55 61 65 70 76
1 6 11 15 21 26 30 35 40 45 51 57 61 66 71 76
0 6 11 15 21 26 30 35 40 45 50 55 61 66 71 76
0 6 10 16 21 26 30 35 40 45 50 55 62 66 71 76
0 6 10 16 21 26 30 35 40 45 50 55 61 66 72 76
0 6 10 16 21 26 30 35 40 45 50 56 61 66 70 76
1 6 11 15 20 25 31 36 41 45 50 55 60 65 72 77
0 6 10 16 21 25 30 35 40 45 52 57 61 66 70 75
0 6 10 16 21 26 30 35 40 45 51 57 61 66 72 77
0 6 11 15 20 25 31 36 41 45 50 55 61 65 72 77
1 6 11 15 20 26 31 36 42 46 51 57 60 65 71 77
0 6 10 16 21 26 30 35 40 45 50 56 62 67 70 77
0 6 10 16 21 26 30 35 40 46 50 56 61 67 70 77
1 5 11 15 20 26 30 36 42 46 51 56 62 65 70 76
1 7 11 15 20 25 31 36 41 45 50 55 61 65 71 76
0 6 10 16 21 26 30 35 40 45 50 57 61 66 70 75
1 6 11 15 20 25 31 36 41 45 51 55 60 65 71 76
1 6 11 15 20 27 31 36 40 45 51 55 60 65 71 76
1 6 11 15 20 25 31 36 41 45 50 55 62 67 71 76
1 7 11 15 20 25 31 36 41 45 50 57 60 65 71 76
1 6 11 15 20 25 31 36 41 45 50 55 60 65 71 76
1 5 11 15 20 25 31 36 41 45 50 55 60 65 71 77
1 5 11 15 20 25 31 36 41 46 50 55 60 65 71 76
1 5 11 15 20 25 31 36 41 45 51 55 60 65 71 76
1 6 11 15 20 25 31 36 41 45 51 55 60 65 71 76
1 5 10 16 21 25 31 36 41 45 50 56 61 66 70 76
1 6 11 15 20 25 31 36 41 45 51 55 60 65 71 76
0 6 10 16 21 26 30 35 40 45 50 56 61 66 70 75
1 6 11 15 20 25 31 36 41 45 51 55 60 65 71 77
1 6 11 15 20 25 31 36 41 46 50 55 61 65 71 76
0 6 10 16 21 26 30 35 40 45 50 56 61 66 70 76
1 6 11 15 20 25 31 36 41 45 50 55 60 65 71 76
0 6 10 16 21 26 30 35 40 45 50 56 61 66 70 75
1 7 10 16 21 26 30 35 40 46 50 56 62 66 70 76
1 6 10 16 21 26 30 35 40 45 50 55 61 66 70 76
0 6 10 16 21 26 30 35 40 46 50 56 61 66 70 75
1 5 11 15 20 25 31 36 41 46 51 55 61 65 71 76
1 6 11 15 20 25 31 36 41 45 52 55 60 65 70 77
1 6 11 15 20 25 31 36 41 45 50 55 60 65 71 77
1 5 11 15 20 25 31 36 41 45 50 55 60 65 70 76
1 5 11 15 20 25 31 36 41 45 50 55 60 65 71 76
1 6 11 15 20 25 31 36 41 45 51 55 60 65 70 77
1 6 11 15 20 25 31 36 42 45 51 55 60 65 71 77
1 6 11 15 20 25 31 36 41 45 50 55 60 65 70 76
1 5 11 15 20 25 31 36 42 45 50 55 60 65 70 77
1 6 11 15 20 25 31 36 40 45 50 55 60 66 70 76
0 7 10 16 21 26 30 35 40 45 50 56 61 66 70 75
1 6 11 15 20 25 31 36 41 45 51 55 60 65 71 76
0 6 10 16 21 26 30 37 40 45 50 56 61 66 70 76
1 6 11 15 20 25 31 36 41 45 50 55 60 65 72 77
1 6 10 16 21 26 30 35 40 46 50 56 61 66 70 75
1 6 11 15 20 26 32 36 40 45 51 56 60 66 70 77
0 6 10 16 21 26 30 35 40 46 51 56 61 66 70 75
0 6 10 16 21 26 30 35 40 46 51 56 61 66 70 76
0 6 10 16 21 26 30 35 40 46 50 56 61 66 70 76
0 6 10 16 21 26 30 35 40 46 50 56 61 66 70 76
0 6 10 16 21 26 30 35 40 46 50 56 61 66 70 77
1 6 11 15 20 27 31 36 41 46 50 55 60 65 71 77
0 6 10 16 21 26 30 35 40 45 50 56 61 66 70 75
1 6 11 15 20 25 31 36 41 45 50 55 60 65 70 77
1 6 11 15 20 25 31 36 41 45 51 55 60 65 70 76
1 6 11 15 20 25 31 36 41 45 51 57 60 65 70 76
1 6 10 16 21 26 31 35 40 45 50 56 61 66 70 76
0 6 10 16 21 26 31 35 40 45 51 56 61 66 70 76
0 6 10 16 21 26 30 35 40 46 50 56 61 66 70 75
1 7 11 15 20 25 31 36 41 45 50 55 61 65 71 76
1 6 11 15 20 25 31 36 41 45 50 55 60 65 71 76
1 5 11 15 20 25 31 36 41 45 50 55 61 65 71 77
1 6 11 16 20 25 31 36 41 46 51 55 60 66 70 76
1 6 11 15 20 25 31 36 41 45 51 55 60 65 71 77
1 5 11 16 21 25 31 35 41 46 50 55 61 66 70 76
1 5 11 15 20 26 31 36 41 46 51 55 60 66 71 76
0 6 11 16 21 26 30 35 40 46 51 55 61 66 70 75
0 6 11 15 21 26 30 35 40 46 51 56 61 66 70 77
0 6 11 16 21 26 30 36 41 46 51 56 61 66 70 76
1 6 11 15 21 26 30 35 40 46 51 55 61 66 70 76
0 5 10 16 21 25 30 35 40 46 50 56 61 66 70 75
1 5 11 15 20 26 31 36 41 46 50 56 60 66 70 77
1 5 11 15 20 25 31 36 42 46 51 56 60 66 70 76
0 5 10 16 21 26 30 35 40 46 50 56 61 66 70 76
0 5 10 16 21 26 30 35 40 45 50 56 61 66 70 75
0 7 10 16 21 26 30 35 40 46 50 56 61 66 70 75
0 5 11 15 21 26 30 35 40 46 51 56 61 66 70 76
0 5 10 16 21 26 30 35 40 46 50 56 61 66 70 75
0 5 10 16 21 26 30 35 40 45 50 56 61 66 70 75
0 6 11 15 21 26 31 35 41 46 51 55 61 66 70 76
0 5 10 16 21 26 30 35 40 46 50 57 61 66 70 77
1 5 11 15 20 25 31 36 41 46 50 55 60 65 71 76
1 5 11 15 20 25 31 36 41 46 51 55 60 65 71 76
1 6 11 15 20 25 31 36 40 46 51 55 60 67 71 76
1 5 11 15 20 25 31 35 41 46 51 55 60 65 71 76
1 5 11 15 21 26 30 35 40 45 50 55 60 65 70 76
1 5 11 15 21 26 30 37 42 45 51 57 62 67 71 76
0 5 12 15 21 26 30 35 40 45 51 56 61 66 70 76
1 5 10 15 21 26 31 35 40 46 51 55 60 66 70 76
1 6 11 15 20 26 31 36 41 46 50 55 60 65 70 76
0 5 10 16 21 26 30 35 40 46 52 56 61 66 70 75
1 5 10 15 21 26 30 35 40 45 51 56 60 66 70 76
1 5 11 15 21 26 31 35 40 45 51 55 60 66 70 76
1 5 11 15 21 26 31 35 42 45 51 55 61 66 71 77
1 5 10 15 21 26 32 35 42 45 50 55 60 66 72 75
2 7 12 17 20 26 31 36 41 46 52 55 61 66 70 77
1 6 11 15 20 25 30 36 41 45 51 55 60 65 71 76
0 6 10 16 21 26 30 35 40 45 50 56 61 66 70 76
0 7 12 17 22 27 32 37 42 47 52 57 62 66 72 77
1 7 11 15 20 25 31 36 41 45 50 55 60 65 71 77
1 7 11 15 20 25 31 36 41 45 50 55 60 65 71 77
0 5 11 15 20 25 31 36 41 46 50 55 60 65 71 76
0 7 10 16 21 26 30 35 40 46 50 56 61 66 70 76
0 7 11 15 20 26 31 36 40 46 50 55 60 65 71 77
0 7 10 16 21 26 30 35 40 46 50 56 61 66 70 75
1 7 11 15 20 25 31 36 41 45 50 55 60 65 71 77
0 7 11 15 22 27 31 36 41 46 52 57 60 65 71 76
1 5 11 15 20 25 31 36 41 45 51 55 60 65 71 76
1 6 11 16 21 25 31 35 40 45 50 56 61 66 70 76
0 6 11 15 20 25 30 36 41 46 51 55 60 65 71 76
0 5 10 16 21 26 30 35 40 45 50 56 61 66 70 75
0 7 12 16 21 26 30 35 40 46 50 56 61 66 72 76
0 7 10 16 21 26 30 35 40 46 50 56 61 66 70 76
0 5 10 16 21 26 30 35 40 46 50 56 60 66 70 76
1 7 10 16 21 26 30 36 40 45 50 56 61 66 70 76
0 7 11 15 20 25 31 36 41 45 50 55 60 65 71 76
0 7 10 16 21 26 30 35 40 46 50 56 61 66 70 76
0 7 10 16 21 26 30 35 40 45 50 56 61 66 70 75
0 7 11 15 20 25 31 36 41 46 51 55 60 66 71 76
0 7 11 15 20 26 30 36 40 46 51 55 60 65 71 76
2 7 11 15 20 25 31 36 42 45 52 57 62 67 72 77
1 7 11 15 22 27 31 36 41 45 50 55 60 65 71 77
0 5 11 15 20 26 30 36 41 46 50 55 60 66 70 76
0 5 10 16 21 26 30 35 40 46 50 56 61 66 70 77
0 5 10 16 21 26 30 35 40 46 50 56 61 66 70 76
0 5 10 16 21 26 30 35 40 45 50 56 61 66 70 77
0 5 10 16 21 26 30 35 40 46 50 56 61 66 70 75
0 6 10 16 21 26 30 35 40 46 51 56 61 65 70 76
0 7 11 15 20 26 31 36 41 46 50 55 60 66 71 76
0 5 11 15 20 26 31 36 41 46 50 55 60 66 70 76
1 5 11 15 20 26 31 36 41 45 50 55 60 65 71 76
0 5 10 16 20 25 31 36 41 46 50 55 61 66 70 76
0 5 10 16 21 26 31 36 41 46 50 56 61 66 72 76
0 5 10 16 21 26 31 36 41 46 50 56 61 66 70 76
2 6 10 15 20 25 31 36 41 46 51 55 60 66 71 76
0 7 10 15 20 26 31 36 41 46 50 55 60 66 70 77
0 5 11 15 20 26 31 36 41 46 50 55 60 66 72 76
0 6 10 16 21 26 30 35 40 45 50 56 61 66 70 76
0 5 10 15 20 25 31 36 41 46 50 56 61 66 71 76
0 6 10 16 21 26 30 35 40 46 51 56 61 66 70 76
0 5 11 15 20 25 31 36 41 46 50 55 61 65 71 76
1 6 10 16 21 26 30 35 40 46 50 56 61 66 70 76
1 6 12 16 21 26 30 35 41 45 51 57 61 66 70 75
0 6 11 15 20 26 30 36 41 46 51 55 61 65 71 76
0 5 11 15 20 26 31 36 41 46 51 55 61 66 70 76
0 6 10 16 21 26 30 35 40 45 50 56 61 66 70 75
1 6 10 16 21 26 30 37 40 45 51 56 61 66 70 75
1 6 10 16 21 26 31 35 40 45 50 56 61 66 70 75
0 6 11 15 20 26 30 36 41 45 51 55 62 67 72 77
0 6 10 16 21 26 30 35 40 46 50 56 61 66 70 75
0 6 11 15 22 26 31 36 41 46 51 55 60 67 70 77
0 6 10 15 21 26 30 35 40 45 50 56 61 66 71 76
0 5 10 15 21 26 31 35 40 45 50 56 61 66 70 76
0 6 11 15 21 26 31 35 40 45 51 56 61 66 70 76
0 6 10 16 21 26 31 35 40 45 50 56 61 66 70 76
1 6 10 15 21 26 30 35 40 46 51 56 61 66 70 77
0 6 11 15 20 26 31 36 41 46 51 55 61 65 71 77
1 5 11 16 21 26 31 36 40 46 50 56 60 66 71 76
1 5 11 16 21 26 31 36 40 46 51 56 60 66 71 76
0 5 11 16 21 26 30 35 41 45 50 55 61 66 71 77
1 5 11 15 20 25 31 36 41 46 51 55 60 66 70 76
1 5 11 15 20 25 32 36 41 47 50 55 60 65 71 77
0 7 10 16 21 26 30 35 40 46 50 56 61 66 70 76
0 6 11 15 20 25 31 36 41 46 50 55 62 65 71 76
0 5 10 15 21 26 30 35 40 46 51 56 61 66 70 76
1 7 11 15 20 25 31 36 41 45 50 55 60 65 71 77
0 6 11 15 20 25 31 36 41 46 50 55 60 65 71 76
0 5 11 16 20 25 31 36 41 46 50 55 60 66 71 76
0 5 11 15 20 25 31 36 41 46 51 57 60 65 71 76
2 5 11 15 20 25 31 36 41 46 51 57 60 65 71 77
1 5 11 15 20 25 31 36 41 46 50 55 60 65 71 76
2 7 11 15 20 25 31 36 41 47 52 55 60 65 72 77
0 5 11 15 20 25 31 36 41 46 51 55 60 65 71 76
1 7 11 15 20 25 31 36 41 45 50 55 60 65 71 76
2 7 12 17 22 27 32 37 41 47 52 57 62 67 72 77
0 5 11 15 20 25 31 36 41 46 51 55 60 65 71 76
1 5 11 15 20 25 31 36 41 46 50 57 60 65 71 76
0 6 11 15 20 25 31 36 41 46 51 55 60 65 71 76
1 5 11 15 20 25 31 36 41 45 50 55 60 65 71 77
1 7 10 16 21 26 31 36 40 45 50 56 62 66 72 77
1 5 11 15 20 25 31 36 41 45 50 55 60 65 71 76
0 7 10 16 21 26 30 35 40 45 50 56 61 66 70 77
0 6 10 16 21 26 30 37 40 46 50 56 61 66 70 77
0 5 10 15 20 26 31 36 41 45 51 55 60 66 71 76
0 5 11 15 20 25 31 36 41 45 50 55 60 65 71 76
0 5 11 15 20 26 31 37 41 46 51 55 60 65 71 76
0 5 10 16 21 26 30 35 40 45 50 56 61 66 70 77
0 5 11 15 20 26 31 36 41 45 51 56 60 66 71 77
0 7 11 16 21 26 30 35 40 46 50 55 60 66 70 76
0 5 11 15 20 25 31 36 41 46 51 55 62 65 71 77
1 6 10 15 20 25 31 36 42 45 51 55 60 65 71 77
0 5 11 15 20 25 31 36 41 45 50 55 60 66 71 76
1 6 11 15 20 25 31 36 41 45 50 55 60 65 71 76
1 5 11 15 20 26 31 36 41 46 51 55 60 65 71 76
1 5 11 15 20 25 31 36 41 46 50 55 60 65 71 76
0 5 11 16 21 26 31 35 40 45 50 56 61 66 70 76
0 5 11 15 20 26 31 36 41 46 50 56 60 65 70 76
0 5 10 16 21 26 30 35 40 46 50 56 60 66 70 76
1 7 10 16 21 26 31 35 40 46 50 56 61 66 70 76
0 5 11 15 20 25 31 36 41 45 50 57 60 65 71 76
1 6 11 15 20 25 31 36 41 46 51 55 60 65 70 76
0 5 11 15 20 26 31 36 41 45 50 55 60 65 71 76
0 6 10 16 21 26 30 35 40 46 50 56 61 66 70 76
0 5 11 15 20 25 31 36 41 45 51 55 60 65 71 76
0 6 11 15 20 26 30 36 41 45 51 55 61 65 71 76
1 6 10 16 21 26 30 35 40 46 50 56 61 66 70 76
0 6 11 16 21 26 30 35 40 46 51 56 61 66 71 77
1 6 11 15 21 26 30 35 42 46 50 55 60 66 71 77
0 6 10 16 21 26 30 35 40 46 50 56 61 66 70 75
1 7 11 15 20 25 31 36 41 45 52 55 60 65 71 77
0 6 11 15 20 25 30 36 41 45 51 55 60 66 71 76
0 5 11 15 20 25 31 36 41 45 50 55 60 65 71 77
0 6 11 15 21 26 30 35 40 45 51 55 60 65 71 77
1 5 11 15 20 25 31 36 41 45 51 55 60 65 71 77
0 5 10 16 21 25 30 35 40 45 50 56 61 66 70 76
0 6 10 16 21 26 30 35 40 46 50 57 61 66 70 75
0 7 10 16 21 26 30 35 40 45 50 56 61 66 70 76
0 5 11 15 20 26 31 36 41 45 51 55 60 66 71 76
1 5 11 15 20 25 31 36 41 45 50 55 60 65 72 76
0 6 10 16 21 26 30 35 40 45 50 56 61 67 70 76
0 6 11 16 21 26 31 35 41 46 50 56 61 66 70 76
0 6 10 16 21 26 30 35 40 45 50 56 61 66 70 76
0 6 10 16 21 26 30 35 41 46 50 56 61 66 70 76
0 6 11 15 20 25 31 36 40 45 51 55 60 65 71 77
0 6 10 16 21 26 30 35 40 46 50 56 61 66 70 76
0 5 11 15 20 26 31 36 41 46 50 56 60 66 71 77
0 5 10 16 21 26 30 35 40 46 50 56 60 66 70 76
0 5 11 15 20 25 31 36 41 45 50 55 60 65 71 76
1 5 11 15 20 26 31 36 40 45 50 56 61 65 70 76
1 6 11 15 20 25 31 36 42 46 50 55 60 65 71 77
0 5 10 16 21 26 31 35 40 46 50 55 60 66 71 76
0 5 10 16 20 26 31 37 41 45 50 56 61 66 70 76
1 5 11 15 20 25 31 36 41 46 51 55 60 66 71 76
0 5 10 15 21 26 31 35 40 45 50 57 60 66 71 76
0 6 11 15 20 25 31 36 42 46 50 55 61 65 71 76
1 5 11 15 20 25 30 36 41 46 50 55 60 65 71 76
1 5 11 15 20 25 31 36 41 46 51 55 60 65 71 76
0 5 11 15 21 25 31 36 41 45 50 55 60 66 72 76
0 6 10 16 21 26 32 35 40 45 50 57 61 66 70 75
2 7 12 17 22 27 32 37 42 47 52 57 62 67 72 77
1 5 11 15 20 25 31 36 42 45 51 55 60 65 71 76
0 6 10 16 21 26 30 35 40 45 50 56 61 66 70 75
0 6 10 16 21 26 30 35 40 45 50 56 61 66 70 75
1 6 11 15 20 26 31 36 41 45 50 55 60 65 71 76
0 6 10 16 21 26 30 35 40 45 50 56 61 66 70 76
1 5 11 15 20 25 31 36 41 46 50 55 60 65 70 76
1 5 11 15 20 25 31 36 41 46 50 55 60 66 71 76
0 5 10 16 21 25 30 35 40 45 50 56 60 66 70 75
0 5 10 16 21 25 30 35 40 45 50 56 60 66 72 76
0 5 11 15 20 25 31 36 41 45 51 55 60 65 71 76
1 5 11 15 20 25 31 36 41 45 50 55 60 65 70 76
1 5 11 15 20 25 31 36 41 46 50 55 60 65 70 76
1 5 11 15 20 27 31 36 41 45 52 57 60 67 72 77
1 5 11 15 20 25 31 36 41 46 50 55 62 65 71 76
1 5 11 15 20 25 31 36 41 45 50 55 60 65 71 77
1 5 11 15 20 25 31 36 41 45 50 55 60 65 71 77
1 5 11 15 20 25 31 36 41 46 50 55 60 65 70 76
0 5 10 16 21 26 30 35 40 46 50 56 60 66 70 76
1 5 10 15 20 25 31 36 41 46 50 55 60 66 70 76
1 5 11 15 20 25 31 36 41 45 50 55 60 65 71 77
1 5 11 15 20 25 31 36 41 45 50 55 60 65 70 76
1 6 11 15 20 25 31 36 41 45 50 55 60 65 71 76
0 6 11 15 20 26 31 36 41 45 52 55 60 65 70 76
1 5 11 15 20 25 31 36 41 46 50 55 60 65 71 77
0 5 10 16 21 25 31 36 40 46 50 56 61 66 72 76
1 5 10 16 21 25 31 35 40 46 50 55 60 66 71 76
0 5 11 15 21 26 30 35 40 45 52 55 61 66 70 75
0 5 10 16 21 26 30 35 40 45 50 56 61 66 71 75
0 5 11 16 21 26 31 36 40 46 50 55 60 66 70 76
0 5 10 16 21 26 30 35 40 45 50 56 61 66 70 76
0 5 10 16 21 26 30 35 40 46 50 56 61 66 70 75
0 5 11 15 20 25 31 36 41 46 50 55 60 66 70 76
1 5 11 16 21 26 31 36 40 45 50 55 60 66 70 77
1 5 10 16 21 26 30 35 40 46 50 57 61 66 70 75
0 5 10 16 21 26 30 35 40 45 50 56 61 66 70 76
0 5 11 15 20 26 31 36 41 46 51 55 60 65 72 76
0 5 11 15 20 26 31 36 41 46 51 55 60 65 71 76
0 5 11 15 20 26 32 36 42 46 51 56 60 66 71 77
1 6 11 17 20 26 31 36 41 45 51 55 61 65 72 76
1 6 11 15 21 26 30 36 40 46 51 55 61 66 71 76
1 6 11 15 21 26 30 36 40 46 51 55 61 66 70 77
1 5 11 15 22 26 32 36 41 46 50 55 61 66 70 76
1 5 11 15 20 26 31 36 41 46 50 57 60 66 70 76
1 5 11 15 20 26 31 36 40 46 51 55 61 66 71 76
1 6 11 15 20 26 31 36 41 46 51 55 61 66 71 76
0 6 11 15 20 26 31 36 40 46 51 55 61 66 70 77
0 6 10 16 21 26 32 37 40 46 50 56 62 67 72 77
0 5 11 16 21 26 30 35 40 46 50 56 61 66 71 76
1 6 11 15 20 26 31 36 41 46 50 55 62 65 71 77
0 6 10 15 20 25 31 36 41 46 51 55 60 65 71 76
0 6 11 15 20 26 31 36 41 46 50 55 61 66 71 76
0 5 10 16 21 25 31 36 41 46 50 56 61 66 70 76
0 5 12 15 20 26 31 36 41 45 50 55 60 65 71 76
0 5 10 16 21 26 31 35 40 46 50 56 61 66 70 76
0 5 10 16 21 26 30 35 40 45 50 56 61 66 70 75
0 6 10 16 21 26 30 35 40 46 50 56 61 66 70 77
0 5 10 16 21 26 30 35 40 46 50 56 61 66 70 75
0 5 10 16 21 26 30 35 40 45 50 56 61 66 70 75
1 5 11 15 20 26 31 36 41 45 50 55 60 66 70 77
0 5 10 16 21 26 30 35 40 46 50 56 61 66 70 75
1 5 10 15 20 26 31 36 41 46 50 55 60 66 71 76
0 5 10 16 21 26 30 35 40 46 50 56 61 66 71 75
0 5 11 15 20 26 31 36 41 46 50 55 61 65 70 76
1 6 11 15 20 25 31 36 41 46 50 55 60 65 71 76
0 6 11 16 21 26 30 35 40 46 50 56 61 66 70 76
0 6 10 16 21 26 31 36 40 45 51 56 61 66 71 76
0 6 11 16 21 26 31 37 40 45 50 55 62 67 71 77
0 5 10 15 20 26 30 36 41 45 51 56 61 66 71 75
1 5 10 15 20 25 31 36 41 46 50 55 60 65 71 76
0 5 11 15 20 25 31 36 41 45 50 55 60 65 71 77
1 5 11 15 20 25 31 36 41 45 50 55 60 65 71 77
0 6 11 15 20 26 30 36 41 46 50 55 61 66 70 76
1 6 11 15 20 25 31 36 41 46 50 55 61 65 70 76
1 6 11 15 22 26 30 37 40 45 51 55 61 66 70 77
1 6 11 15 21 26 30 36 42 46 50 55 61 66 70 77
0 6 10 16 21 26 30 35 40 45 51 56 61 66 70 75
0 6 10 15 21 26 30 35 42 45 50 56 61 66 70 76
1 6 10 16 20 25 31 36 41 45 51 55 60 66 70 76
0 6 10 16 21 26 30 35 40 45 50 56 61 66 70 76
1 6 11 15 20 25 31 36 41 45 51 55 60 65 70 76
1 7 11 15 20 26 31 36 41 46 50 55 60 65 71 77
0 6 10 16 21 26 30 35 40 46 50 56 61 66 70 75
1 7 11 15 20 25 31 36 41 45 50 55 60 65 71 77
1 5 11 15 20 25 31 36 41 45 51 55 60 65 71 77
0 5 11 15 20 25 31 36 41 45 50 55 60 65 71 76
0 6 11 15 20 26 31 36 42 45 51 56 60 65 71 76
0 5 10 16 21 26 30 35 40 46 51 56 61 66 70 77
0 5 11 15 20 26 31 36 40 45 51 55 60 66 72 76
1 5 11 15 20 25 31 36 41 45 50 55 60 65 71 76
1 5 11 15 20 25 31 36 41 46 50 55 60 66 71 76
1 5 10 16 21 26 30 35 40 45 51 56 61 66 70 75
0 5 10 16 21 26 30 35 40 46 51 56 60 66 70 76
0 7 11 17 20 26 31 36 41 46 51 55 62 67 71 76
0 6 11 15 21 27 31 35 40 46 51 55 61 65 71 76
0 5 10 16 21 25 31 35 41 46 50 55 60 66 70 76
0 5 11 15 20 25 31 36 41 46 51 55 60 65 71 76
0 5 10 16 21 26 31 35 40 46 50 56 60 66 71 76
0 5 10 16 21 26 30 35 40 46 50 56 61 66 70 76
1 5 10 16 21 26 30 35 40 46 50 56 61 66 70 75
1 5 11 15 20 25 31 36 41 46 50 56 60 65 71 77
0 6 11 16 21 26 31 36 41 45 50 56 61 66 70 76
0 6 10 15 20 26 31 35 41 45 51 55 60 65 71 76
0 5 11 16 21 26 31 36 41 46 50 56 61 66 71 76
0 6 10 16 20 26 31 36 41 45 51 55 61 65 71 77
0 5 11 16 21 26 31 35 40 46 51 56 61 66 70 76
0 6 11 15 20 26 31 36 41 46 50 57 60 65 71 76
1 5 11 16 20 25 30 36 41 46 50 55 60 66 71 76
0 5 10 16 21 26 30 35 40 45 50 56 61 66 70 75
0 5 10 16 21 26 30 35 40 45 50 56 61 66 70 75
1 6 11 15 20 26 31 36 41 46 51 56 61 66 70 77
0 5 10 16 21 26 30 35 40 46 52 56 61 66 70 76
1 5 11 15 20 26 31 36 41 46 50 55 61 65 70 76
1 5 11 15 21 26 31 35 41 46 50 55 61 66 70 77
1 6 11 15 20 26 31 36 41 46 51 56 61 65 70 76
1 6 10 16 21 26 30 35 40 46 51 55 61 65 70 75
1 6 10 16 21 26 30 35 40 45 51 55 61 66 70 76
0 6 10 15 21 26 30 35 40 46 51 55 61 66 70 75
1 5 11 15 20 25 31 36 40 46 51 55 60 65 70 77
1 6 11 15 21 26 31 36 40 46 51 55 60 65 71 77
0 6 11 15 20 26 31 36 40 46 50 55 60 65 71 76
0 6 10 16 21 26 30 35 40 45 50 55 61 66 70 76
1 6 11 15 22 26 31 36 40 46 52 57 60 65 71 76
1 6 11 15 22 25 31 36 41 46 50 55 60 65 71 77
0 6 11 16 21 26 30 35 40 45 51 56 62 66 70 75
0 6 11 17 21 26 30 36 40 46 52 55 61 66 72 76
0 6 10 16 21 26 30 35 40 45 50 56 61 66 70 76
0 6 10 16 21 26 30 35 40 45 51 56 60 66 70 75
1 7 11 15 20 25 31 36 41 45 51 55 60 65 71 76
0 6 10 16 21 26 32 37 40 45 52 57 61 67 72 77
0 5 10 16 21 26 30 35 40 45 50 56 61 66 70 76
0 5 10 16 21 26 30 35 40 45 50 56 61 66 70 76
1 6 11 15 20 26 32 36 41 45 51 55 61 65 71 76
1 6 11 15 21 26 31 36 41 46 51 55 61 66 70 77
1 6 10 16 21 26 30 35 40 45 51 55 61 66 70 77
1 6 11 15 21 26 30 36 41 46 51 55 60 65 70 76
1 6 11 16 21 26 30 35 40 45 51 56 61 66 70 76
1 6 10 15 21 26 30 35 40 45 51 56 61 66 71 75
0 7 11 15 21 26 30 36 40 45 51 55 60 65 70 77
1 6 11 15 21 26 30 36 41 45 51 55 60 66 70 77
0 6 11 16 21 26 30 35 40 45 50 56 61 66 70 77
1 5 11 15 20 25 31 36 41 47 51 55 60 65 71 77
2 7 10 15 22 26 32 35 40 45 51 56 60 66 70 77
1 6 10 15 20 25 30 36 41 45 51 55 60 65 71 75
1 6 10 16 21 26 30 35 40 45 51 56 61 66 70 76
2 7 12 17 20 26 30 36 41 45 50 56 61 65 70 77
1 6 12 17 22 26 30 35 40 45 51 55 61 65 70 76
1 6 11 17 20 25 30 36 40 45 51 57 60 65 71 76
1 6 11 15 21 26 30 36 40 45 51 55 61 65 71 76
1 6 10 15 21 27 30 35 40 45 51 55 61 66 70 76
0 6 11 15 21 26 30 36 40 45 50 55 60 65 70 76
0 6 10 16 22 26 30 35 40 46 50 56 61 66 70 75
0 6 10 16 21 26 30 37 40 45 52 57 62 66 70 77
0 6 10 16 21 26 30 35 40 46 51 56 61 66 70 75
2 5 11 16 20 26 31 36 41 46 50 56 60 66 70 76
0 6 10 16 21 26 30 35 40 46 50 56 62 66 70 75
1 6 10 16 21 26 30 35 40 46 50 56 61 66 70 76
0 5 10 16 21 26 30 35 40 45 50 56 61 66 70 76
1 5 11 15 21 26 30 35 41 46 50 55 61 66 70 76
0 5 10 16 21 26 30 35 40 45 51 56 61 66 70 75
1 5 11 15 20 26 31 36 41 45 50 56 62 66 71 76
0 5 10 16 21 26 30 35 40 45 50 56 61 66 70 75
0 5 10 16 21 26 30 35 40 45 51 56 61 66 70 76
1 5 11 15 20 26 31 36 41 46 51 55 60 65 70 76
0 5 10 16 21 26 30 35 40 46 50 56 61 66 70 76
1 6 11 16 21 26 31 36 40 46 52 57 62 66 70 76
1 6 11 15 20 25 31 36 41 45 50 55 60 65 70 76
0 6 11 15 20 26 31 36 42 46 50 55 60 65 70 76
1 6 10 16 21 26 30 35 40 46 50 55 61 66 70 76
1 6 11 15 20 25 31 36 41 46 51 55 61 65 70 76
1 6 11 15 20 25 31 36 40 46 50 55 60 65 70 76
1 6 11 15 20 25 31 36 41 45 50 55 60 65 70 76
1 6 11 16 21 26 31 36 40 46 50 55 61 66 70 76
0 6 11 15 21 26 31 36 40 45 51 55 61 65 71 76
0 5 11 15 20 26 31 36 41 45 51 55 60 65 71 76
0 6 11 15 20 26 31 36 41 45 51 55 60 66 71 76
0 6 11 15 20 27 31 36 41 46 51 55 62 66 71 76
0 5 11 15 20 25 31 36 40 46 51 55 60 65 71 77
1 5 11 15 20 25 31 36 41 46 50 55 60 65 71 76
0 5 10 16 21 26 31 36 40 46 50 56 61 66 70 76
2 7 12 15 20 25 31 36 41 46 50 55 61 65 71 76
1 5 11 15 22 25 31 36 41 46 50 56 60 67 71 76
0 5 11 16 21 26 30 35 41 46 50 56 61 66 70 76
0 5 11 15 20 25 31 36 41 46 50 55 60 65 70 76
0 7 10 16 21 26 30 35 40 45 51 56 61 66 70 76
0 5 10 16 21 26 32 37 42 47 50 56 61 66 70 76
0 6 10 16 21 26 30 35 40 46 50 56 61 66 72 75 32
